A,0
B,64
C,-2,-20,-22,-15,-19,-15,14,41,52,60,34,-5,48,100,6,-94,-153,-308,-287,49,112,-224,-369,-390,-401,207,911,357,-513,274,1857,2252,9563,2252,1857,274,-513,357,911,207,-401,-390,-369,-224,112,49,-287,-308,-153,-94,6,100,48,-5,34,60,52,41,14,-15,-19,-15,-22,-20,2,9,11,-12,-34,-28,-27,-32,9,59,74,85,39,6,103,85,-85,-157,-312,-375,22,127,-287,-406,-446,-302,645,820,-344,-80,1820,2468,9702,2468,1820,-80,-344,820,645,-302,-446,-406,-287,127,22,-375,-312,-157,-85,85,103,6,39,85,74,59,9,-32,-27,-28,-34,-12,11,9,12,-34,-14,43,65,19,-29,-41,-2,20,66,-61,-143,-96,-85,128,196,189,-8,221,13,-249,-604,-263,195,-589,-632,-326,1397,-285,445,3362,10527,3362,445,-285,1397,-326,-632,-589,195,-263,-604,-249,13,221,-8,189,196,128,-85,-96,-143,-61,66,20,-2,-41,-29,19,65,43,-14,-34,-41,-3,2,-44,-6,61,-42,33,74,-150,65,255,23,-127,-30,116,2,-305,-179,-1,413,163,198,158,-632,-641,135,-909,-638,1355,-326,2972,12397,2972,-326,1355,-638,-909,135,-641,-632,158,198,163,413,-1,-179,-305,2,116,-30,-127,23,255,65,-150,74,33,-42,61,-6,-44,2,-3,-16,56,-14,-40,17,-50,-45,93,-46,51,68,-205,227,253,-90,-125,84,91,-303,-272,26,452,152,266,-32,-950,-172,-281,-1293,1232,-29,2543,13115,2543,-29,1232,-1293,-281,-172,-950,-32,266,152,452,26,-272,-303,91,84,-125,-90,253,227,-205,68,51,-46,93,-45,-50,17,-40,-14,56,3,9,-19,4,-2,49,-36,122,-153,-29,159,-162,1,-224,169,-33,165,-300,679,-75,-182,279,-528,-228,510,415,85,-1045,-287,-1144,827,1656,15016,1656,827,-1144,-287,-1045,85,415,510,-228,-528,279,-182,-75,679,-300,165,-33,169,-224,1,-162,159,-29,-153,122,-36,49,-2,4,-19,9,1,-3,2,-4,17,5,-37,25,-59,16,69,-62,14,29,161,-42,-199,212,-322,-188,260,-133,391,273,-152,-247,-367,1214,-673,-914,-1060,2099,15732,2099,-1060,-914,-673,1214,-367,-247,-152,273,391,-133,260,-188,-322,212,-199,-42,161,29,14,-62,69,16,-59,25,-37,5,17,-4,2,-3,8,16,0,12,-39,-10,18,23,-7,-2,-8,6,47,-55,-21,-75,139,-106,61,281,-251,103,-424,5,147,414,200,-756,704,68,-2000,1076,17266,1076,-2000,68,704,-756,200,414,147,5,-424,103,-251,281,61,-106,139,-75,-21,-55,47,6,-8,-2,-7,23,18,-10,-39,12,0,16,
D,0
E,64
F,-2,-20,-22,-15,-19,-15,14,41,52,60,34,-5,48,100,6,-94,-153,-308,-287,49,112,-224,-369,-390,-401,207,911,357,-513,274,1857,2252,9563,2252,1857,274,-513,357,911,207,-401,-390,-369,-224,112,49,-287,-308,-153,-94,6,100,48,-5,34,60,52,41,14,-15,-19,-15,-22,-20,2,9,11,-12,-34,-28,-27,-32,9,59,74,85,39,6,103,85,-85,-157,-312,-375,22,127,-287,-406,-446,-302,645,820,-344,-80,1820,2468,9702,2468,1820,-80,-344,820,645,-302,-446,-406,-287,127,22,-375,-312,-157,-85,85,103,6,39,85,74,59,9,-32,-27,-28,-34,-12,11,9,12,-34,-14,43,65,19,-29,-41,-2,20,66,-61,-143,-96,-85,128,196,189,-8,221,13,-249,-604,-263,195,-589,-632,-326,1397,-285,445,3362,10527,3362,445,-285,1397,-326,-632,-589,195,-263,-604,-249,13,221,-8,189,196,128,-85,-96,-143,-61,66,20,-2,-41,-29,19,65,43,-14,-34,-41,-3,2,-44,-6,61,-42,33,74,-150,65,255,23,-127,-30,116,2,-305,-179,-1,413,163,198,158,-632,-641,135,-909,-638,1355,-326,2972,12397,2972,-326,1355,-638,-909,135,-641,-632,158,198,163,413,-1,-179,-305,2,116,-30,-127,23,255,65,-150,74,33,-42,61,-6,-44,2,-3,-16,56,-14,-40,17,-50,-45,93,-46,51,68,-205,227,253,-90,-125,84,91,-303,-272,26,452,152,266,-32,-950,-172,-281,-1293,1232,-29,2543,13115,2543,-29,1232,-1293,-281,-172,-950,-32,266,152,452,26,-272,-303,91,84,-125,-90,253,227,-205,68,51,-46,93,-45,-50,17,-40,-14,56,3,9,-19,4,-2,49,-36,122,-153,-29,159,-162,1,-224,169,-33,165,-300,679,-75,-182,279,-528,-228,510,415,85,-1045,-287,-1144,827,1656,15016,1656,827,-1144,-287,-1045,85,415,510,-228,-528,279,-182,-75,679,-300,165,-33,169,-224,1,-162,159,-29,-153,122,-36,49,-2,4,-19,9,1,-3,2,-4,17,5,-37,25,-59,16,69,-62,14,29,161,-42,-199,212,-322,-188,260,-133,391,273,-152,-247,-367,1214,-673,-914,-1060,2099,15732,2099,-1060,-914,-673,1214,-367,-247,-152,273,391,-133,260,-188,-322,212,-199,-42,161,29,14,-62,69,16,-59,25,-37,5,17,-4,2,-3,8,16,0,12,-39,-10,18,23,-7,-2,-8,6,47,-55,-21,-75,139,-106,61,281,-251,103,-424,5,147,414,200,-756,704,68,-2000,1076,17266,1076,-2000,68,704,-756,200,414,147,5,-424,103,-251,281,61,-106,139,-75,-21,-55,47,6,-8,-2,-7,23,18,-10,-39,12,0,16,
G,1
H,1036597083,-1929530562,909583324,1929530562,-872438582,1033663602,-1910723980,896619020,1910723980,-856540799,0,0,1073741824,0,0,0,0,1073741824,0,0,0,0,1073741824,0,0,0,0,1073741824,0,0,0,0,1073741824,0,0,0,0,1073741824,0,0,
I,1
J,1036597083,-1929530562,909583324,1929530562,-872438582,1033663602,-1910723980,896619020,1910723980,-856540799,0,0,1073741824,0,0,0,0,1073741824,0,0,0,0,1073741824,0,0,0,0,1073741824,0,0,0,0,1073741824,0,0,0,0,1073741824,0,0,
K,1
L,1047824603,-1820043963,922176788,1820043963,-896259567,1045859492,-1780523936,910684729,1780523936,-882802396,0,0,1073741824,0,0,0,0,1073741824,0,0,0,0,1073741824,0,0,0,0,1073741824,0,0,0,0,1073741824,0,0,0,0,1073741824,0,0,
M,1
N,1047824603,-1820043963,922176788,1820043963,-896259567,1045859492,-1780523936,910684729,1780523936,-882802396,0,0,1073741824,0,0,0,0,1073741824,0,0,0,0,1073741824,0,0,0,0,1073741824,0,0,0,0,1073741824,0,0,0,0,1073741824,0,0,
O,1
P,990239526,-345649707,345248391,345649707,-261746094,988991383,-192572951,334359296,192572951,-249608855,0,0,1073741824,0,0,0,0,1073741824,0,0,0,0,1073741824,0,0,0,0,1073741824,0,0,0,0,1073741824,0,0,0,0,1073741824,0,0,
Q,1
R,990239526,-345649707,345248391,345649707,-261746094,988991383,-192572951,334359296,192572951,-249608855,0,0,1073741824,0,0,0,0,1073741824,0,0,0,0,1073741824,0,0,0,0,1073741824,0,0,0,0,1073741824,0,0,0,0,1073741824,0,0,
