A,1
B,64
C,5,-1,-18,-1,17,-16,-45,-33,-54,-57,68,148,33,-39,22,-32,-121,-6,29,-200,-271,-122,-276,-582,-291,402,455,-206,-379,604,1923,2599,9880,2599,1923,604,-379,-206,455,402,-291,-582,-276,-122,-271,-200,29,-6,-121,-32,22,-39,33,148,68,-57,-54,-33,-45,-16,17,-1,-18,-1,4,-14,-10,5,-19,-21,28,0,-65,-53,-80,-72,128,176,-17,-20,15,-141,-74,50,-211,-321,-140,-387,-638,-10,629,142,-483,283,1883,2802,10117,2802,1883,283,-483,142,629,-10,-638,-387,-140,-321,-211,50,-74,-141,15,-20,-17,176,128,-72,-80,-53,-65,0,28,-21,-19,5,-10,-14,-1,-20,3,64,80,-31,-9,25,22,2,-58,30,-118,72,-60,-177,-204,-46,436,-56,59,-206,-33,-119,-481,-250,-980,103,723,-669,913,3554,11232,3554,913,-669,723,103,-980,-250,-481,-119,-33,-206,59,-56,436,-46,-204,-177,-60,72,-118,30,-58,2,22,25,-9,-31,80,64,3,-20,-1,-26,-23,8,6,-27,-26,59,37,-99,161,281,-98,37,96,-75,-44,-95,40,-218,-442,237,370,-161,-71,-233,-398,-885,-519,813,-653,3731,12786,3731,-653,813,-519,-885,-398,-233,-71,-161,370,237,-442,-218,40,-95,-44,-75,96,37,-98,281,161,-99,37,59,-26,-27,6,8,-23,-26,9,-26,-3,-14,-43,-2,19,-36,-47,85,33,-122,350,197,-138,171,-44,-59,-126,39,-216,-502,361,276,-227,-73,-377,-660,-1023,809,-517,3265,13623,3265,-517,809,-1023,-660,-377,-73,-227,276,361,-502,-216,39,-126,-59,-44,171,-138,197,350,-122,33,85,-47,-36,19,-2,-43,-14,-3,-26,-6,14,12,-13,-14,-16,3,32,39,32,-95,-13,-200,95,-166,44,107,-66,753,-143,241,-183,-86,-129,-681,578,-48,-188,-768,-1051,226,1766,16232,1766,226,-1051,-768,-188,-48,578,-681,-129,-86,-183,241,-143,753,-66,107,44,-166,95,-200,-13,-95,32,39,32,3,-16,-14,-13,12,14,-1,18,-5,4,0,-5,-53,-37,89,19,-2,80,-44,-87,-7,147,74,-188,-217,-123,-41,31,586,470,-177,27,-706,149,202,-972,-1283,1548,17401,1548,-1283,-972,202,149,-706,27,-177,470,586,31,-41,-123,-217,-188,74,147,-7,-87,-44,80,-2,19,89,-37,-53,-5,0,4,-5,18,1,2,2,-13,-8,6,0,41,-41,0,55,-33,46,-187,-22,190,-9,143,-216,26,281,-230,-376,-118,85,936,110,-319,-552,511,-1864,363,18756,363,-1864,511,-552,-319,110,936,85,-118,-376,-230,281,26,-216,143,-9,190,-22,-187,46,-33,55,0,-41,41,0,6,-8,-13,2,2,
D,1
E,64
F,5,-1,-18,-1,17,-16,-45,-33,-54,-57,68,148,33,-39,22,-32,-121,-6,29,-200,-271,-122,-276,-582,-291,402,455,-206,-379,604,1923,2599,9880,2599,1923,604,-379,-206,455,402,-291,-582,-276,-122,-271,-200,29,-6,-121,-32,22,-39,33,148,68,-57,-54,-33,-45,-16,17,-1,-18,-1,4,-14,-10,5,-19,-21,28,0,-65,-53,-80,-72,128,176,-17,-20,15,-141,-74,50,-211,-321,-140,-387,-638,-10,629,142,-483,283,1883,2802,10117,2802,1883,283,-483,142,629,-10,-638,-387,-140,-321,-211,50,-74,-141,15,-20,-17,176,128,-72,-80,-53,-65,0,28,-21,-19,5,-10,-14,-1,-20,3,64,80,-31,-9,25,22,2,-58,30,-118,72,-60,-177,-204,-46,436,-56,59,-206,-33,-119,-481,-250,-980,103,723,-669,913,3554,11232,3554,913,-669,723,103,-980,-250,-481,-119,-33,-206,59,-56,436,-46,-204,-177,-60,72,-118,30,-58,2,22,25,-9,-31,80,64,3,-20,-1,-26,-23,8,6,-27,-26,59,37,-99,161,281,-98,37,96,-75,-44,-95,40,-218,-442,237,370,-161,-71,-233,-398,-885,-519,813,-653,3731,12786,3731,-653,813,-519,-885,-398,-233,-71,-161,370,237,-442,-218,40,-95,-44,-75,96,37,-98,281,161,-99,37,59,-26,-27,6,8,-23,-26,9,-26,-3,-14,-43,-2,19,-36,-47,85,33,-122,350,197,-138,171,-44,-59,-126,39,-216,-502,361,276,-227,-73,-377,-660,-1023,809,-517,3265,13623,3265,-517,809,-1023,-660,-377,-73,-227,276,361,-502,-216,39,-126,-59,-44,171,-138,197,350,-122,33,85,-47,-36,19,-2,-43,-14,-3,-26,-6,14,12,-13,-14,-16,3,32,39,32,-95,-13,-200,95,-166,44,107,-66,753,-143,241,-183,-86,-129,-681,578,-48,-188,-768,-1051,226,1766,16232,1766,226,-1051,-768,-188,-48,578,-681,-129,-86,-183,241,-143,753,-66,107,44,-166,95,-200,-13,-95,32,39,32,3,-16,-14,-13,12,14,-1,18,-5,4,0,-5,-53,-37,89,19,-2,80,-44,-87,-7,147,74,-188,-217,-123,-41,31,586,470,-177,27,-706,149,202,-972,-1283,1548,17401,1548,-1283,-972,202,149,-706,27,-177,470,586,31,-41,-123,-217,-188,74,147,-7,-87,-44,80,-2,19,89,-37,-53,-5,0,4,-5,18,1,2,2,-13,-8,6,0,41,-41,0,55,-33,46,-187,-22,190,-9,143,-216,26,281,-230,-376,-118,85,936,110,-319,-552,511,-1864,363,18756,363,-1864,511,-552,-319,110,936,85,-118,-376,-230,281,26,-216,143,-9,190,-22,-187,46,-33,55,0,-41,41,0,6,-8,-13,2,2,
G,1
H,1036597083,-1929530562,909583324,1929530562,-872438582,1033663602,-1910723980,896619020,1910723980,-856540799,0,0,1073741824,0,0,0,0,1073741824,0,0,0,0,1073741824,0,0,0,0,1073741824,0,0,0,0,1073741824,0,0,0,0,1073741824,0,0,
I,1
J,1036597083,-1929530562,909583324,1929530562,-872438582,1033663602,-1910723980,896619020,1910723980,-856540799,0,0,1073741824,0,0,0,0,1073741824,0,0,0,0,1073741824,0,0,0,0,1073741824,0,0,0,0,1073741824,0,0,0,0,1073741824,0,0,
K,1
L,1057327591,-1836550404,930540243,1836550404,-914126010,1056070869,-1797908300,919576311,1797908300,-901905356,0,0,1073741824,0,0,0,0,1073741824,0,0,0,0,1073741824,0,0,0,0,1073741824,0,0,0,0,1073741824,0,0,0,0,1073741824,0,0,
M,1
N,1057327591,-1836550404,930540243,1836550404,-914126010,1056070869,-1797908300,919576311,1797908300,-901905356,0,0,1073741824,0,0,0,0,1073741824,0,0,0,0,1073741824,0,0,0,0,1073741824,0,0,0,0,1073741824,0,0,0,0,1073741824,0,0,
O,1
P,1073741824,-374796740,374361584,374796740,-374361584,1073741824,-209075261,363011818,209075261,-363011818,0,0,1073741824,0,0,0,0,1073741824,0,0,0,0,1073741824,0,0,0,0,1073741824,0,0,0,0,1073741824,0,0,0,0,1073741824,0,0,
Q,1
R,1073741824,-374796740,374361584,374796740,-374361584,1073741824,-209075261,363011818,209075261,-363011818,0,0,1073741824,0,0,0,0,1073741824,0,0,0,0,1073741824,0,0,0,0,1073741824,0,0,0,0,1073741824,0,0,0,0,1073741824,0,0,
